[1.jpg]
filters=enhance=1;autolight=1;enhance=1;finetune2=1,0.000000,0.000000,0.000000,00000000,-0.005848;enhance=1;autolight=1;retouch=1;
moddate=002321fe787fcd01
width=3366
height=2339
textactive=0
[1.1.jpg]
filters=retouch=1;sepia=1;
moddate=005f2bcb797fcd01
width=3366
height=2339
textactive=0
